371289060	691082334	683271349	992883654	968401072
889673745	506166839	384967170	916703010	205289531
303027533	268058542	269605067	797603720	915507095
883101412	125929271	696077072	808911215	333552304
479943754	235546989	719802800	645624982	610275096
140400201	65697573	243159633	866671972	98364999
997259445	545667907	158629328	526996239	748559073
914946800	895260139	746585689	277847843	799218248
424828557	461628751	308650354	223620578	940694578
150693014	297257851	465712767	338985762	237516937
394425041	460616920	418208823	72792316	925530317
794633949	8738805	325797690	640688377	537382352
500654049	701437258	356976881	878052200	570902933
967259093	600518226	107104809	611917429	661267504
592898416	20709146	178168725	875262962	125993527
733777470	896458923	971355130	886297606	962813161
718069558	321166090	873885304	598989317	475269782
502329527	577459158	510004866	761571993	170731381
689435210	527607561	921149168	772308782	801017733
118236175	638372880	932472937	314764749	960073780
241746270	492324556	379487488	504468106	75886783
964512322	259051933	915520143	554847436	309070431
432407625	95609510	127714468	364005276	422198608
139405691	384570306	958608893	148456669	658594464
3232955	810630990	55049326	81374703	479775140
963070270	600175508	849867525	624132541	469156803
728545327	720478562	627423225	369271127	231051048
511416584	384274454	721038039	466922257	580800347
672755692	77234674	768199620	623772284	725243023
440947855	217785735	353591753	785957658	77860532
903515723	362142406	999138998	585284934	106087720
355610467	910527251	994871013	110613818	623652962
732670376	841158582	910918347	408192002	611581184
471926236	681252988	913505301	665843827	307991099
925472862	138743412	473398499	37565376	647348718
450789673	89397992	24063714	305879331	970491008
7275461	413770455	509177642	462760471	681927191
373477744	85024755	562375054	174374937	943419667
364599640	705511623	209351018	669842088	724183488
906580408	958052348	370924342	224352055	820016791
223478447	786703766	856598049	131128514	968496319
442121738	318885181	521276679	429796798	882250443
755840963	859255966	128445793	170497425	465761108
337204875	608466643	395661808	763320930	981729465
190420830	499619502	357152735	618379116	539075544
906338660	626424193	717246377	686423233	28032376
51593821	372097173	192778442	465885967	695647379
580842654	707029605	906101261	498220402	591485910
380217831	266204441	260427614	609775904	346180371
298914594	680437473	362334600	449576664	353393132
673520676	873308716	657370476	526417466	203433180
756202841	504306673	130994203	493153740	331335925
569516366	965673284	946162	25370303	431010164
936468044	370815432	511141070	866052740	809728131
369971071	693703425	998576462	12976909	838215770
423200472	125318089	714585974	609056192	616133379
544672987	690662635	418093158	559754521	623814981
372152649	658688577	880085546	971316754	600343195
851226004	641874863	68245506	217726318	861317737
830757462	244522728	299934127	980096792	343186772
141864179	745580768	159820992	473093852	878983918
24066806	611485520	506522272	848114564	126577561
732331775	861716674	434768858	626565038	956385644
999974394	346491637	248192620	749999822	819978956
366322235	19920790	983053660	600775015	342361303
749037714	246867319	509468115	949936360	432864396
8672056	448200473	874064079	603510509	95016713
488074990	658377761	70480621	153090704	516046677
248593319	673506710	590776289	478784268	243709323
850918552	436730386	421812546	549132289	358979765
826269817	334864564	542571368	951396885	687967593
181444861	361805750	562722196	160350516	449005806
863279360	985982355	178532682	948271915	526442139
72177846	183746727	77837026	636712720	32574075
80245288	333028371	825979037	994892523	712475231
665448236	714352797	858497759	140707483	646398671
72447597	516401440	694337720	363940041	198488346
818471692	757739377	678707577	807805227	704417479
9169781	907937726	708636434	501083002	985111347
920269490	417956753	932043238	56727822	827418124
985041680	3398459	92994743	550317920	243725521
279714420	723793178	823504543	440875125	874328789
938860753	838486463	510088051	775357884	400501875
41390297	295030200	143934082	619350156	270920369
463097207	562184375	699209468	615770254	401839381
50783372	656923533	908675130	320241347	640399813
803322957	594727435	698858871	998133046	60383645
420902723	347407377	150528942	106931089	404518994
656683450	529914004	767908903	942910339	511834010
441202374	517804450	609695996	286882072	588894959
645449134	207371437	222003257	960074380	930649144
570298608	633366159	213836524	728520080	595667544
132693065	129759218	594190977	586327603	811108920
906223349	538495495	373140063	276520221	913410471
726801388	859585868	915073570	155977741	45887405
548332411	848689629	493682024	672676931	540483493
609930555	381864800	668724736	498039101	516194653
405189737	157333194	950545883	498061709	297938689
896731439	131422015	538512117	860163095	602642705
840498213	666922565	223991903	34842482	512369195
701838481	697643619	839088897	685824434	482947650
164778245	745954422	489151365	693455207	673665318
166831311	815535636	543288263	720239917	685782488
155536896	719808357	626671909	312788679	128624639
694680302	462004436	707883303	332873952	73261075
57188926	573502146	741449873	519070795	34265918
477296490	822329514	956765452	643968235	668798769
226950171	174593534	471517124	372079704	984284428
547789317	486147184	743050451	89877475	480347111
672138045	834087646	802430084	616098522	374326208
829268160	746963605	480681092	699230721	927899163
934899581	483661677	948721696	668374806	199071759
790911077	327456310	392307080	286261488	89598134
593540356	29369530	154923517	446417137	809145716
406796927	469312796	453072323	389370714	272861722
974301258	960677919	900919284	415171602	248398375
655586403	302131710	662057025	725415963	424675709
584132750	749948985	307326432	592259249	727913095
583234314	762866503	138986309	667765995	18675832
51008659	42196529	224509549	510634417	160121340
452305763	458732110	680657932	908897211	333784591
295334569	858984056	883987624	905490153	832025217
523074669	120114698	356236221	172518978	694673674
836816817	567207226	382331638	276663854	864010188
190691155	233486026	226011833	88160421	587297913
357292774	308037423	98321853	249295222	494685009
21529201	789656917	503311555	119533721	134998148
183359987	143047608	796148499	779465986	524773741
533439395	49645980	365277522	116120270	408738063
119342797	500202123	414454277	105282635	165262269
177258832	802920017	79130602	506819282	535232189
400563228	138948775	206135433	146365616	792629074
248484640	8119040	622805368	358118552	337503799
592389640	98993447	881408970	759645602	93526785
855806160	235663235	136485707	482726081	505453027
291003004	95173091	41262222	314486436	808444605
517661853	194923534	352576241	454411077	95682281
820704427	84163685	228238525	959405063	536222052
122639364	377093559	34195095	360656196	329391231
857780406	81927442	32552192	847525610	352145618
203973927	826533755	21902312	857682448	853942568
199284969	714843404	799895001	455124251	529275576
950234109	838841865	79073876	830812126	949981720
611294257	416025572	78764353	24111695	919513223
295541785	321186761	183725089	444534093	949329236
726045211	503289406	769587065	115131800	277277981
738647635	837320972	555022648	111603790	685538180
186104337	851559361	920669520	561534007	838584776
900119262	996469645	176168070	714075064	338783788
546709403	148319845	223792045	159215058	888959848
97302471	76689088	685769291	460575552	252378004
193504614	348084923	924591713	933210902	847595565
824982595	897369906	241129885	665164835	740379187
400088529	385343291	596041445	681936399	635582957
404688486	231835213	489202151	178671139	82592684
520300503	629052643	960066254	805395044	96722781
486008185	279066146	702726072	742473235	348497509
628543776	100166415	211073125	248863501	968686592
10831039	481369493	748377579	459991940	221152734
331375486	386988620	790636463	614980065	57928002
600169133	776133212	798895030	757918727	57782557
542228059	330422278	842271747	563678400	345484585
560453677	727749635	722461033	144617898	200177540
98025461	653449315	121044651	268031930	408545188
539815654	15531857	665580720	713426327	861512089
42747148	192772130	960112090	525459740	22118920
489601132	642936410	184430355	190542912	866048549
444914143	690114989	780608886	22740168	416662256
122034589	11573823	762096242	170197922	795334854
892939356	98961617	2912265	726060310	649087
706600612	652139548	819715151	651731970	22434458
920053686	550520902	860535964	611903197	120009470
967267930	237110825	794013689	413083358	692271447
211573080	252676182	450208238	216952586	270994952
332940482	178701717	793953696	187859214	234149220
15901612	751786357	991022719	427250095	283135935
541341276	890056713	336447769	34143443	497736756
932290731	491817222	196824756	214273329	545145348
112333746	353737222	257264629	160670830	782713546
307866103	496828830	803568540	732868628	322976067
972014547	674058768	108178955	210373325	608516042
175255528	157317086	525776986	177707027	375148204
556990874	245631801	540425457	909869530	123271962
301256302	360590904	402245197	505467320	936634079
41091063	312376778	138681830	682114665	161033604
719815471	539050499	547012589	124404056	902359944
627929861	769474354	200927978	238986142	277300944
339930872	488901326	650164541	418360861	378184872
437761404	951257521	690203706	769059681	746213634
256648555	629384653	162019451	690248603	436058902
240077312	233040662	720479445	471929259	251731491
883464823	618788472	50227052	901725698	142135524
868516176	352884910	414942110	814602310	665362733
224946660	799201664	74566286	877412112	945564899
637845903	154965804	354497991	361679168	881152486
102156457	780902553	228431827	286572027	355663085
169348145	841426498	963948967	412121602	991680769
574442408	981189253	112779852	303963254	212341215
162409056	374411302	987307113	543530841	173382498
538795695	376917593	44818178	445288876	530554862
673937777	272949797	198235781	951179974	146451223
774157684	881828739	794052932	603668484	156748203
308294403	554121638	396516330	475046205	451776385
450427111	974890303	231272349	43921382	151120755
452735281	489466723	719934075	913917684	336321561
92264983	466822602	359354702	861429213	970861933
455962082	727645015	704289324	485288108	14514622
472248656	317778486	74795288	654799395	832427505
436666889	995734930	953270553	665956269	459665700
367040757	407421357	820836146	414622127	77920256
311834122	480823453	690940300	657825130	47742956
62437408	327821425	780502225	42279310	529136989
52930770	804511806	191798084	589296874	355644375
891121148	373112010	580677476	609944441	977745125
367899177	479182459	756155075	280115175	763980997
773790179	238762124	933802177	898759652	705618449
179431666	945728766	86042771	247497468	419139453
191162820	83968999	111273076	637395254	653100574
448295852	520329129	390412897	250325135	98125318
572211314	460896990	948919547	720811249	787951183
989663459	654084035	179001336	502925067	406413774
323045019	983641944	389782376	597004635	679873998
555809972	347051713	780078453	526405219	870445296
717318593	868181132	680112706	943941121	656413955
698437899	795359876	909197548	840855499	61735976
79393056	717196828	736937638	883462287	500401921
13517677	15181430	669142548	705011429	599465977
597681624	151587154	723068709	772901385	776837397
57514004	696352391	991623010	865499517	534345628
871302362	507360354	658546790	572897697	766391573
122629401	124461623	154559876	978587294	21344089
593869021	625734834	562715892	112293918	111232602
836785419	686911574	436071221	335926741	869027550
174011149	255868755	155598955	683378309	690185648
580158894	676687320	493972970	575472556	395314854
906077643	969448212	415163286	373993901	786740193
382587136	731690090	56638157	435977423	860734584
356590067	74547716	810596642	785907042	363936522
835491676	35980794	981816578	140157984	155521911
354605382	517178601	278207744	565369252	91453682
806403312	266211674	35093310	538096622	131784798
983649794	332606757	26040970	646597601	983965428
813490565	360919080	511205112	440991517	800681895
523551569	742539283	305754758	102102491	706358668
391026447	434244699	34376783	330800828	890708439
94788728	532851705	230869870	352052176	19816271
95116153	795597126	404676848	465918072	967088206
765548828	231151322	696462488	70212735	802815518
251654115	61539954	509383906	118674764	726876110
376312037	291876783	880379270	567412759	465538622
340231265	384128710	196485257	344342306	162329298
995955260	534715082	884943480	171472896	382493630
818578163	944304070	202545738	589904202	951056243
211922669	274294795	449294962	909911233	131989554
144964693	770401232	652752505	900124933	939821980
307243198	566668992	917223952	238606817	504824681
600670655	881913691	477599272	763670468	898552336
764679124	516754573	697454745	779475624	478880579
734555419	980521529	180345040	170039222	508062966
764892191	917731950	719593894	38489986	787673320
927059474	104614496	937129017	273982776	77692535
176122873	392635020	1594831	421951468	850717063
525670778	816509370	917208256	498438538	184121275
15582802	944633362	162981483	539029410	653164124
927918206	52480360	705166674	6161013	768534135
347506748	898877220	545314463	456872506	341349236
376467256	5874294	444382904	889467734	718509392
53740974	607516342	688304236	985147319	38364946
908254752	564635968	978677755	338073857	773305350
336821047	404185493	128219560	491108700	126632248
675918375	720561382	940751607	339730824	750312184
335743025	203429258	36579790	358809637	473017282
783068555	894687849	179106511	458193841	585498544
732958341	576138572	500692184	115571594	138867964
540661131	269943535	645968557	768669249	978376696
492828638	509840416	849216696	470453620	707747806
440493146	51544047	346161454	382337429	781260148
876977768	575160841	855336118	432301242	448490591
33414464	366296228	643999224	937457353	3931990
101768812	721774971	672936112	816580451	233063781
791583236	412076006	884230405	179525495	87056525
881925805	748706314	492637070	813861159	370881362
371936885	352426909	157838721	814598718	105358285
505715796	374897516	642860778	640735903	601779002
742216540	253724144	991162355	967997360	801333003
801983585	564253936	883539310	905779920	559185528
588574775	765792539	796434372	649555116	628509140
112544087	894846814	803889546	632385970	404159660
39488415	693486117	281616237	453832873	610561313
260059502	340659981	548014494	809463001	965157884
527905672	819595392	939310932	255356257	919374498
825466545	771192756	132814179	877213023	29625953
387246813	346043052	536467275	725014158	56146646
322631328	754889812	52621792	543559340	768067663
300233696	300275375	746424424	213544331	490856387
894046295	461280985	61942098	763475375	158330282
936170013	992355902	936379427	131910567	871174460
441278095	624945219	198239449	726500059	89059792
291426594	409406208	653694133	868035227	622270523
199087344	177717127	994032395	352946449	312247764
485034840	678154320	884140243	211880542	592195771
438973160	148214538	111744785	289528263	364538496
33671805	342352805	478618675	116381717	541993224
223170746	116699005	231716195	994539145	620819529
427940745	578179341	140790706	835113575	131117503
747526989	970350255	707496650	950923868	735326596
304903413	849123106	961459483	490273216	549400358
95665087	353452416	791578874	714514120	131170323
747216303	829389082	129783081	241506780	181163908
295851398	956242866	28925608	899501545	775502941
742033502	144766618	149591179	861050113	916673947
9225672	979020304	325248244	54495010	919248220
832082313	597559615	149408567	726532954	15824618
184859080	356963060	359392596	333941532	55810679
488233776	660027273	17618493	255722637	162644720
25372476	700170535	276922354	670316055	231635894
6074417	227329937	527782353	287407951	443880304
436005248	205360228	976427411	693676821	120796309
26170161	83640642	268375626	316501708	902465447
770383604	55274576	183182591	731584277	88173542
322957241	358553090	231413114	873678270	64721355
846771593	612053463	967209765	98214388	277993670
119749429	761040098	300596768	6823773	871457870
730373020	148838956	980659899	743838779	751284020
898596039	801695961	687581264	440008069	882828586
797982556	342304942	962573068	15851131	369699659
993385334	288530163	244566848	894403545	912318406
435707935	876567671	996770037	590068891	187396587
87922406	967877618	594217391	863982854	631807411
273201577	142986247	288462947	686867436	542671101
665823414	236868661	170313784	543931120	141907549
934253886	192961470	448509246	945239793	781661353
56594669	544573175	175698888	603589702	913887675
159606755	351933889	924294	602068777	63602907
4058792	90435508	994109325	702462428	709193722
456357887	661842430	901194568	703670594	953127474
481480671	306579411	978981837	891884679	60720957
236174396	73007677	256691347	408443741	138095014
360968681	229285046	538834793	54366941	190045123
899161221	430722023	957625790	715631806	17475914
102577495	218288109	537372731	27368258	297433198
836949364	829076559	807164769	801769093	938025663
90252307	851852642	439099420	215788336	837473515
62898638	155537974	377673014	971524439	70922955
973188639	93356070	915438496	440835670	438160827
774776563	653619667	701018472	627954782	138601294
912959541	235605503	824631635	672332761	292902537
148068282	228978914	387906922	963666212	736056876
717341326	939711590	865251076	943076960	499962159
495284078	598334582	170502049	164431708	308370723
463905099	20379703	931731053	822799602	32147055
525671552	384439431	581637142	522017703	817930396
533833901	837706556	856345662	484774970	24878670
587494447	709747097	558852890	33287894	597016228
802664234	560806251	68694257	590871763	296871596
957441566	13961041	97916433	238361995	599734602
794211552	665966656	645862381	852774016	315545768
335721120	209380303	127305772	962563415	421740292
758573849	420201072	803341027	95854060	926604981
77514494	916245509	463594910	951636056	44861744
686270428	924619224	769245282	112710515	478679037
891519773	670517342	280406376	862789540	969204675
867377662	709962518	147273886	433648854	585954388
292749585	510873417	547723024	163464948	400274795
551743318	61588063	238703384	771572415	185489802
385665822	222409833	402730089	798681346	18805498
774694246	862174328	843433000	884802261	680278600
22104059	353568353	41094420	248329002	944527557
796522740	7587228	991116313	709811338	808618810
170042740	429438779	848309575	111094304	319635466
921913616	617595660	614857795	350445387	732756918
125626910	143654403	292237475	116796575	136277875
34744292	352883686	364214246	416594987	587098743
199881017	520652064	875584283	853839548	684761347
259300071	226613350	941925897	949188994	37862824
108934973	920780916	845017072	561552730	779439540
303407352	346953517	820386222	429825258	150156319
855816089	376266857	885005356	412023572	327745758
638457826	673476289	775304608	386368526	601877270
181265284	769789196	434013214	24883578	171554739
30799654	246392372	977490171	154778773	870432547
920106768	740820123	158456978	258678176	567722448
70071519	834535152	476380569	800063450	116058229
99778553	630031666	528298739	671744622	913362376
830992817	598842597	32771011	807181519	591828214
129280351	77249553	589306598	307375304	954567774
948561401	833779106	436568239	966214780	656291776
554625465	662015389	820147098	315359731	11601742
765377394	776874055	554391510	501946577	740590068
291072113	189636058	791689266	541516614	989010379
489517561	978444132	760555218	571957989	56692979
247629507	977730404	112592560	390297357	745657437
5824362	542581043	734717757	987383940	731505878
816149961	858982426	543964594	300431082	915026884
999358244	842795919	459997186	386671645	928101244
187407865	666480601	531009634	368777548	851801681
743714371	426873973	385973560	160518229	258621083
410297392	964313217	450732665	104223176	396879119
944255168	509959500	565764812	368638400	605569270
36785724	678900610	762199442	577658194	436580878
520974439	780276961	598673126	177577867	627672866
899946873	208755131	781364383	372173688	788531135
590319814	995417877	297740433	888943594	450482342
805632248	827421290	312961364	462186854	312222479
488822788	901868343	451711305	899597247	275027810
935174794	466603503	273198572	590827560	905193896
955360191	225224250	386695109	6741081	168683331
266303819	591454373	960590333	969746522	806497528
250589652	866344261	68507323	77774344	261535410
717615802	657063566	370754692	630131867	554428442
252484047	808787830	83632681	973548335	619967071
303232219	921936713	409129598	658062896	148833999
161469439	258443335	255238781	840925313	368045575
336458075	575216862	887197714	575419344	265444566
835864196	625903050	33544098	174484807	411078560
176116717	566498351	14589353	74500984	302589211
730310068	453225107	998648571	693320697	801806339
926624917	727343836	946967317	435663312	651410596
247653509	73757845	190626870	168549348	595705166
296415553	306973185	707443685	312957513	50014726
879350454	20236316	767564165	90391056	495133202
65590904	140336568	429952529	219102853	212628178
803790535	131116199	375577735	775609	761178623
162950066	523882064	286986713	260772960	438671885
872047047	829255353	519963258	836450128	238987551
864733558	55960120	433925533	398010742	571258851
487563747	917989551	251914729	380251313	219511861
654307326	445297264	92892325	172669513	584952857
761182433	366204796	364819361	678968633	646378325
362201058	620582823	700413997	929985253	911486154
821003299	123546589	859049370	643336209	474515682
175710011	975961717	912115533	803787069	472091350
576262378	423712370	940531807	495603059	482011424
651713271	903751648	786236952	532813385	399774673
285601753	489416811	143117204	260686605	606424107
164331145	757836511	446457764	594890924	753675496
694951447	968529643	508442802	244293743	459941096
221570776	476356921	826317641	78825435	781196353
546971434	322368680	818398585	750835448	50626318
364130712	332975694	911670252	563405667	516942855
515955703	861245128	825246189	64307202	265586315
391070931	125694148	547110933	831649877	888873487
469683972	540212404	737725390	46927537	962253108
612133543	500410609	225575032	199258499	540368842
509381954	845946051	737588913	94979371	791021001
621991278	917158476	225220355	210278083	833376926
671864816	673203202	247738461	944582939	888866771
414413123	720927535	162215017	534211400	121201941
149425628	744330772	466952821	99205949	211104332
744912662	743786331	32979905	733922152	121330373
579566681	926255681	694540271	917454183	541457234
43719030	638745437	162800106	14536353	305951148
407904902	236122633	640557920	85336869	554499554
159666496	708621152	65357665	464839565	505158150
442434373	441690303	14917856	578056209	720942947
757992037	133678802	672620649	95501334	282886665
717423795	876261979	118966597	744951907	745700405
887248391	663258388	480008592	724824443	641465489
880448495	797971408	626531722	937987043	129072043
224857002	183775967	810138683	251628665	241619292
851838270	53833966	823084294	628747050	304505031
633468399	20035289	685603921	583240721	227090259
275101833	36687453	135274866	237250157	976543971
619525690	44670091	21862459	520077899	195666804
697129503	151486975	411992765	688834938	585486310
62962058	579280842	93113249	7832822	805885703
783018356	675052395	495534941	325438353	745358785
137203059	264765583	129024067	441944285	726089305
753585519	568419051	774609226	757473110	254308972
519683524	16544813	473473588	983988349	722740223
441787897	38792939	152802756	635972215	673775879
458068535	886432453	469854659	1028909	759303582
251295572	852084542	221125782	668656176	124289522
675718831	758219835	896806649	950051371	569897226
806164770	831387744	525020638	559398106	664472508
210366364	704556625	645348048	808260578	605209001
948459343	934260712	321050809	556721224	458247212
768284631	801329038	719395339	593891726	397946188
10037087	104847242	680148732	443261804	422057129
799670464	371291521	305265132	148098656	508782868
98460337	515003197	990912312	484703232	510430886
880109085	75396833	339277652	16899538	2504239
21812794	844989632	298697821	876297819	329412243
181662186	890472217	475822929	969876653	873668079
551525981	800650881	715222210	267253233	472211053
98157624	518477174	361668528	876195003	594088526
730045461	934993857	83506988	734541742	85173610
140206853	818064424	520094795	722135384	986911559
646112753	298531483	9747386	394507943	676610997
23337822	198216016	872373630	798699830	185742548
32646740	183770584	64451515	114073001	350023883
850851906	556440903	177379035	649610144	151678972
178185355	176909372	314332597	590351043	728924399
774518467	849091651	618007036	339585403	184865928
177861736	999098650	324444566	278736981	699715587
522974874	571904851	251733554	89789985	869050143
140174698	726728445	104578266	230241750	842609382
550321302	518055007	753455480	770798365	962591562
538851279	951236379	284727611	862488156	864390509
948468725	969124859	270802404	547881633	611910681
798295106	302523616	821593205	935969179	804641123
60362448	198798880	795342778	133748722	12444956
17777978	334154467	828681322	282556720	292971000
867672779	57409975	501325374	443470183	387047893
15328870	357796568	851154629	632927823	612372042
483474	650499237	732354604	527227790	103188009
808459231	358215377	27752078	568521377	247814850
876659765	281397224	96551692	400314937	343300673
791982771	207174541	636948048	574891922	487503501
56043285	309517220	474534317	879387417	827368913
472006230	274203281	172307738	498188243	995273277
330402168	329357419	503005316	892309979	532170744
680267376	57777542	344668727	888640842	210738732
675325343	916957199	137669280	245920261	181494934
673842849	744751365	568198702	541861423	364881817
392104945	349576815	620409394	505964833	291990547
468361763	535903797	981258391	245131808	914580284
447903107	243660974	202761356	24640971	616852367
432663777	56420311	899597006	954228934	333902860
71316861	670975309	963724625	144421040	545452626
646342160	402126751	493805360	934438484	820795831
318105113	569818934	560209647	809388002	917231489
458360935	239772138	392953486	908749434	514002657
535091118	238320706	68881669	182034240	899756867
398372483	914416867	986337066	509696349	702226326
72397626	557559885	821773400	319707865	783504329
994683976	324773497	523021902	12712507	970625648
821926140	436491117	398654489	590794914	107477891
533532065	933506016	53131763	690971103	814183168
908757202	189497346	533029121	329210715	1524309
477363796	269851072	411996865	393426477	839182658
631876157	340652239	639131092	961641338	322359072
305992742	8298486	445074434	943721875	814121428
73887182	723449769	860015676	172074026	514624647
109463721	632025352	521428817	178815385	843762340
533207138	19006549	482392922	718594266	544202429
692831495	36266928	695463890	311256407	304464123
443277493	494203837	621505009	800075714	514596064
385117412	701328133	525807966	323629442	94287858
86856352	773981737	734109536	388976793	816366297
312890979	143717464	425735793	690219982	180501527
975950517	370055345	206268054	353446046	729960197
407907571	837626266	647662787	927265303	963480218
442027103	136579217	454093405	437840815	113899767
757259773	546026059	861472909	923739599	527665687
934241748	996300671	702764965	12730933	281189830
825976415	257616544	453337562	500191996	940406056
707923475	570976635	258482530	412286956	358817161
224061496	349394298	126510219	994333428	350003558
659225324	551436418	358594121	711044988	373540714
955135208	900898239	513534866	416961275	331207547
422229382	46876447	630694699	706518423	555500676
749829064	27145779	146805051	165949783	130012781
303439030	357435779	332375334	138516873	207021812
879787126	691979441	542233851	99517066	40454343
869015325	41901781	557189832	323634020	107980717
702517202	955798259	414018591	230171435	885622522
877612621	621849091	553044872	87046959	857122458
214102565	230030097	129206501	905639431	280120895
563903782	160806026	339134773	56157602	581658994
630292539	748787406	105095300	409578014	712327546
264969284	339732793	972440898	52738127	806056525
265235616	113590229	567562674	802550449	253928794
331295282	448792357	450168079	62735573	653118966
151979885	365651609	634200815	464042828	565402015
675417938	791132817	251259656	364839498	947435837
678909	459413508	659301155	109412986	805243676
344430762	367743057	646316491	677871576	631842406
697248954	305868012	821061075	640743617	174705945
738406821	469060153	226629440	90667056	296458151
917755982	938236658	578075874	481322349	871071067
91754037	8994498	10950373	896770933	371901623
182583761	410835411	88906868	956834846	604480773
283969538	372232948	336575555	401074889	284223301
679914858	167023511	602624828	114617163	921749995
539057326	349780824	161254769	310001369	624263734
55181409	625210741	312027604	738327800	795439858
480653419	608843033	224646349	296375016	543114795
782117235	851289301	671523311	503550381	339275785
209837224	795923240	185031770	916552938	940458477
940738322	308787440	798812459	898450574	476414481
517960678	636881039	304860848	535734715	25164946
393775607	546090939	171315069	317251633	747471407
473960365	557923811	335581571	323076276	981476501
142407575	199625886	567313131	972970941	315377059
996368313	87404700	294258337	477684473	545922683
39965278	25627363	84334902	684919374	813926774
485635320	235257610	681299136	750571846	940336318
437864333	553819886	163765078	875220964	158939461
989739098	699340687	521312206	301091623	990579618
347284684	53716661	309021680	169411620	679476905
179383683	823218809	747113032	525940040	930019812
544694950	846990042	280355927	26642322	319086461
156031767	347662750	762305836	958865854	999583876
774427549	280727009	560484571	709413305	703894326
733901262	32609385	492962824	12953682	824964567
503302619	286442255	669654387	848743500	70631250
107735328	514970678	174539357	781121259	537568071
23637451	192339617	719972936	893959722	94391854
271669735	236080446	52681156	84558992	225975758
461731620	62825839	421128117	796691428	436077331
595555783	229056769	37422437	167670608	354184741
706907008	446149456	952785992	515696833	986997128
463638626	687000609	111834116	470286509	461936656
270422408	702946039	561754228	824784858	836086487
529769215	788443519	418223549	301326689	483207868
476211748	130691571	707558686	851392681	868255357
911273467	314672356	638125786	655965580	211747451
290390060	106451217	929625946	498071130	599558782
831280777	986709922	682641084	286791296	610712067
685809941	861547537	741859461	293623666	313518271
39117008	63424992	870877942	780838262	459564504
735543342	860943147	60613888	737958239	601366694
400831454	137140295	243325198	515192840	166231685
560811341	261999519	809271693	154954944	637445530
921296135	223842590	208125896	908480855	524318521
857984947	952012702	300277940	528521757	751722920
143915004	628400970	208644641	861936400	992196312
359462900	564649982	932843862	826512805	25293991
427531849	448784133	632715611	560381860	496941042
774524104	282979350	43363508	41523217	675401175
432071247	11305965	247441444	747688449	94579694
810159352	205073527	63465975	283050756	68180210
58228509	101547101	638498410	907780115	409914706
939748267	317909081	208027212	631022966	250375577
918903081	390826026	902399	217945539	388328279
40614897	874203474	789810998	807131370	143526175
471243297	199912395	390925961	997727931	280683688
42604204	929303823	775173624	50740667	517074481
939295584	713909506	45543267	553215182	566606070
231325852	549151886	612413673	845538487	597726571
399720512	614830968	202555060	117569192	732154914
425453704	763269366	91033045	585751140	113700001
422420373	986611556	754505063	266507667	779573479
121147196	297489390	444504555	10392756	791501693
265442657	416829476	39068749	623168939	534601618
693041513	118181030	408263987	579675050	944697725
463391631	634158173	323490155	402636037	384397839
598413116	744935205	313697187	922258160	491676940
629460638	257553532	856492547	18244185	305128271
7883406	636611213	604623215	384353816	307547566
868457465	684282341	364707329	88055985	594643857
4960810	74422168	264035200	380991100	933630719
984729179	920813849	522990143	740641251	259124895
745695792	972976341	993963726	962044768	748027937
700711735	601923853	240251347	146898835	589399619
613817062	675850815	686681210	337778143	21351963
288675340	799207375	436897878	359233158	938490897
831821512	653234646	364015652	977717139	348793683
121451291	216867077	187488687	196945606	755050053
905285638	544750094	978464910	975831628	370399126
723385789	849620280	184845096	755360827	916127405
657895091	445941657	124894696	522604161	699365189
102881411	461608605	184366303	821820911	710117612
755559483	279980648	357398093	348808818	987993491
320117592	11349064	101206298	689273794	991261627
334719291	322636054	443352133	915054349	89170575
354229994	579876573	311559605	16738258	456469651
647937388	147139501	669334201	298980194	251546953
651136302	270165671	668666763	851226815	560020679
462641060	145679722	441193312	607891768	568452056
848999715	621060925	109763819	967615005	757331212
334362253	678837462	389019080	216528202	204736363
808643047	963677051	485431675	638515052	463276522
273940952	241653861	702685469	333676438	363637979
637953052	188790159	543424267	364436046	794829132
947155815	636543801	288076513	725753818	395631460
796900447	648557966	196742960	549455810	590671933
146639221	311615936	878978268	316952278	545836034
519447756	758509438	901756842	126235214	715225972
907812496	710884524	743557661	503617425	200560058
158702677	912610230	341309830	15212820	880696505
289284067	304419179	534851022	235744112	491081359
810885690	994564051	773618630	405666059	278952568
853313392	961996622	365762366	564186418	420949327
835917928	913217910	506014867	663810674	107897807
472091771	277726694	317708458	269644349	980748060
222927022	714437144	568670191	94244442	476756156
887738522	603934359	360572625	434962511	432049859
127523399	474842014	882957969	831329239	608163665
563335473	440752061	319243637	404083418	527534340
528887480	259571678	243257870	407484639	831367193
284615185	819551830	420283606	41692109	694875365
506345612	831862074	380466721	230816979	313869239
350833785	755427979	732855535	305107002	237129899
407201798	229154815	451110993	792455506	816797002
128438610	532504940	619333662	562720170	524161610
600546626	273449728	840438019	651218294	792599856
350991136	553828520	51215091	25674914	262270805
694150400	591031351	8236369	578632664	596882843
299244991	197590711	582735922	967149494	801119166
377462379	724003170	874607863	670256368	382373139
463114565	144613557	527273961	537395446	297846421
505147154	316884109	808969705	346814399	7090071
357066295	134822124	992430177	655079680	480617605
271356552	415491230	105983059	758879283	127325163
856535089	606576404	913872696	459738129	316123113
640563681	122720136	802964200	935589842	804895720
258829519	250794749	744070934	265693651	832503482
297005772	522025637	397718286	822128067	681816252
844325806	609019576	595295382	488171936	683156633
601515124	891212958	331198591	225724089	565520458
390795056	198065152	847797437	44663595	660409658
915675704	506453882	178979213	412484624	258072319
496059234	824073821	909033861	113745655	868234692
999344427	55648772	773197079	103824753	189435926
222240779	95977157	564394844	971755855	869458661
651458738	352962554	535397325	430564923	819901081
177475081	793429554	624969586	465753083	176957426
336610548	563928464	548291770	86434991	916301532
125085758	785094596	906532696	807189510	593421816
250828101	658172676	407123567	628603359	666474749
290042025	879965849	389432585	949911821	688872379
757455829	303473400	364935637	835311377	399409453
426875528	769914555	191515660	243010873	417754238
730343427	302378104	672883788	983658881	242885852
113671301	861821130	894539142	835341161	621603428
833523136	405412386	221422729	672953284	59448025
290937601	91205031	832941223	245353949	625776886
891607049	933925090	260602022	925748377	17481362
874321437	503749880	946737534	101735457	458697280
67451603	474526741	370739729	480504151	70052849
264089668	520287167	549013780	694801340	35043895
39232983	372146409	371923850	286453120	415330821
542602122	733594921	826347724	908115973	374868806
118830929	209902530	199466542	736502370	711688423
486246775	753736874	386835133	821862695	758084447
852340001	652741316	931699135	965823366	145864691
656386894	190836906	492115323	289743442	222925617
644735153	599807669	73369608	378325336	881153664
403200649	212027752	765022251	576453883	499483722
862696893	978537686	986305026	780582790	538972599
853501206	386699319	173323926	954047236	604633432
904379378	90825030	497273858	873916520	506799001
245531202	351889933	767851089	211026790	410808636
269207720	36145581	706219068	853766114	136272112
148985454	783546584	950455179	725874367	44969370
435275467	285466110	294008172	730938551	147011123
280352078	945669843	83791299	206769999	200914662
990391036	742391955	680049851	644986311	224099722
321932176	168094183	179265505	259573799	751813882
836037121	322017237	403293527	829919938	19898216
160585520	919581527	824549158	683307076	232021702
212084914	442859844	605125941	602492194	398736574
657739467	425847126	484423063	705822717	259185339
325573119	392453458	396789277	726011403	185747981
627420502	518717109	650106003	138726211	661585446
265404583	961604748	617470920	642375932	316396736
962509868	23503368	830928609	185934607	979209011
405485681	610254288	553008838	259414673	566334224
327192523	122394778	281383280	39849474	104635113
559754693	365337603	817864677	416078700	563034682
366308086	426251080	804696162	6314584	412962379
134938023	207278966	901872826	64088439	510431757
352510084	666773646	638572323	373392698	951035188
255540475	659827111	291590916	951604753	15896058
270492547	268052550	562436281	212832790	41055126
385841682	229436911	279261742	290045126	821092348
604623150	272916524	801415690	670395917	702342963
358910181	825652010	320481162	159978412	758725550
355050198	659301960	960118367	666984445	779019219
441999990	690762701	409976835	760377207	105239845
754961153	900211301	72189026	866549561	959753948
104969453	799552999	645820361	273071009	792047333
195239942	354739544	313045946	560887421	765690678
223034610	831457104	704188843	68663713	880042964
526969758	222755601	145279171	197712064	516272775
498553098	2637220	697816493	310212997	790452391
610587600	292436143	330250161	716660455	969487575
150127167	742957634	56861772	841286049	747626001
809822361	251450853	625994598	235810504	400929100
608612876	161588499	613405575	320188260	696661039
647969776	553999345	244504417	224592146	806544410
152010715	487997338	298312014	20579729	464877437
546830485	265340176	176368342	630397786	57526217
344673224	604125764	106660414	557030467	845959345
458245366	619328250	833339094	385391896	45132563
47151877	761706918	561245722	98072463	852749912
361287368	191735327	856359648	169771915	269103105
828938975	452456976	291283131	842258325	808832567
120395068	989982020	106185038	154706073	900961905
585953656	641554451	895505033	641283965	944275586
90094374	423889307	82030876	980262094	729697503
561660256	428475799	911142145	535535160	380040766
868099688	661036774	145628724	215799649	744896536
130820360	883902913	11901510	986059760	853051944
195298266	268588129	686032447	446131178	256333256
52676154	933703416	504387473	511233526	421407964
624891522	100792760	632010731	508548390	83883790
749378627	981668421	195537840	328590633	461073022
650781208	625368143	360536998	609387738	653565310
812252328	532246435	642454158	617370832	52137797
76069904	727394946	979451565	212074072	46938487
30362428	463295759	572468786	695677400	858650485
948361604	195640776	851077833	496418294	162074404
350057353	853893101	361943155	784912448	85150008
354756647	229229109	54980852	440983240	137221710
826274456	224826368	805355810	481592934	760002994
842861449	875617442	725967289	467159217	997143839
988034600	925539695	275420509	484565950	583239145
390449449	250239067	697953581	574475832	522325158
363943414	716620398	126442031	291173408	27322622
822626876	812546154	333298177	342241154	837346965
758906465	411404827	111613327	840460056	506387749
823068983	550594031	323485992	378753503	999566835
924423635	839172117	266065886	908692942	89107868
254529766	417884596	214441890	134735462	364971815
281681863	403834860	93500020	386772611	568759676
559364673	26070047	410741928	266353461	593737713
134214673	844399283	149031620	997468849	831278696
464421304	744439086	606928505	736522954	174379063
457219143	210246441	526049453	385321340	84404138
323092580	444040067	543548404	364580258	232306585
294140744	887433328	333490224	48200479	636902339
869987223	386461209	857605724	125257674	387262259
466645522	574251434	609139520	922527569	912497364
73178005	659561355	807497743	20718867	939931738
342476253	350333732	637150852	261507053	276193347
87659041	874980500	254689087	656605641	598221104
163267621	685044289	934671602	116009854	364413793
403288518	983011626	488162651	522492963	721577182
370768735	139656001	972029552	581636871	561114110
400345991	835190285	677876290	987155429	890266717
678317485	164450119	161515885	327654991	195866095
392432464	273687212	715365629	952789309	238119666
62269416	486406236	478447464	157441012	118350480
78570563	484628635	770671472	585510978	622935146
496767293	154248798	742334787	400489025	864023378
235601523	977023951	276519925	205002795	626334008
990927080	860193789	315164405	611106710	463362774
175222214	762732049	294231645	134662438	877884275
186508041	523956097	347385598	547618514	217674899
364918427	147477664	738835983	345030388	535405630
643685344	383373870	439185751	540921995	475692038
216120501	878131758	237737567	296461269	545149165
480680719	849437153	58031282	783478313	559389689
55584867	221623226	905807215	160519032	320735781
861002668	205730595	926109479	111337068	474630742
558436680	5276212	793911142	497320109	972297211
587520311	676712568	295177551	756997111	887813479
790954940	384405373	223627337	865878750	435420377
227751788	775945199	870009588	370542262	416963976
359996531	934783651	576213920	236877358	771693510
543581289	316108893	272476898	698519844	117706727
575753153	657430119	61503168	132639566	299448388
476284701	220003961	354729608	718712445	906414254
876781751	634201037	985308297	118991115	755151613
554344055	413035205	575309438	470397810	158723372
318906186	150413526	783988630	601564072	326212681
751569073	808885725	768339224	762800413	916883246
516567330	968508756	102630551	684887696	588294093
847574844	411397092	245370266	63500584	89026196
297954780	574982053	949530125	902278561	252515675
140383066	863287911	335722294	263671212	943845630
76993865	508440218	208077300	976194813	592260316
413578955	387787973	553295424	760682349	847822059
961092869	807001730	468388553	524476680	243031452
481799959	80504237	662088819	201713285	130878758
786713724	650857293	489320052	278638844	496643924
378744369	954194234	727343098	961516521	759018819
831851645	970255130	554135359	350132970	733487860
323651301	287688190	404111952	216821488	418829038
106390477	215655013	376097168	359014226	750753658
986910446	629891576	543432656	924354361	207060087
255245688	941631596	795325980	377941348	221347549
356092845	155534013	443890787	927685327	956561894
560845021	701593034	455340576	839951643	906754457
364135644	836254301	309724219	92861076	111536861
393988353	160580558	227105969	2015036	194082991
267242738	492987250	885920776	398049118	448534732
656139651	207754744	22542517	697096008	935358381
669175658	48843099	174100842	339381701	835114058
658018088	785007318	30434600	485940715	434861885
676057870	849645365	129262661	751247577	262826907
684918654	482933456	274442781	785760101	601312389
619313167	851270952	652182429	818428810	646221144
415189564	661008292	85620235	990167489	445894642
187118530	287813466	181270695	868913121	465934420
532924932	688753420	732569544	209466861	118702955
912929484	691458034	266888814	593829066	226139583
554681429	301154873	289156756	488331858	200243118
472250833	897489520	482077969	240175703	310888159
118573958	23181878	852528988	316230466	627142803
86939788	981844753	9842842	430077112	861039158
580091944	997266327	181686354	880845812	258866267
148648825	156940493	876933638	728556115	962131345
908333952	782728386	119875361	53755068	250258578
581286076	636517141	613724968	674116352	519173291
876747689	730850048	502839396	351579413	830498259
437893660	262739471	565172274	150697252	472163858
516784342	167648946	374061313	739008177	334736734
579189735	535672817	258685315	464155024	182684151
987115158	920604777	301995106	29039724	547076967
631732038	501727202	877065163	958897984	27427544
322657394	613738159	87409927	91765073	370287253
670045424	139549674	583017104	856573301	99390080
787326874	377500282	268973177	517275726	366219272
895251659	570336774	704632559	28259987	181071796
92365015	547461396	692984367	585576476	622221835
820492300	230700490	168106845	991732128	866997388
285468834	900151616	403719897	520235620	560082562
40466904	401503101	38364626	9447676	344806037
340051881	422462184	712025311	236471712	354950253
355928581	926477729	885929495	374065658	788125934
24656041	901767191	347374842	337180096	106162766
60954874	467153257	115335267	514701690	400525648
77492295	967819582	414644990	332774466	484276191
684003992	817910222	915285852	333205123	121591922
820030625	984655498	625988809	496186387	141704318
279337499	254734703	739565777	766089581	282123217
312769531	500304648	218178056	387827925	993354232
935045242	800539973	242564532	514286791	281630302
93589153	65021810	324407693	320641357	275283081
219532559	738669671	269833065	365020362	658593502
879562902	948046612	800285513	785420416	401309861
20380655	304384452	689494190	317868014	623299356
97304378	670939397	991526046	291607995	264841771
636200450	977355105	726356012	341565708	30909970
832581113	572989820	362761461	93464402	328900233
508825337	664989279	194445380	687252073	765251762
705625200	288457404	291310606	224414311	51325938
832939199	155172990	123764612	743965347	976745505
50713371	472774565	240742189	433039581	448971063
474626817	228774766	338174328	9241992	647235665
188864915	486986664	152121073	370960946	93340075
786909112	748807095	161375146	446604545	107754730
171110180	552562962	981097934	343835393	952162968
382450084	388674041	289749446	162059532	827207427
819155755	193437554	705020354	221532988	5902241
987038579	546401062	394871234	274149426	777233592
514661799	144835278	713488609	375175911	43544485
141441249	643457588	781622786	364606172	54304933
78902328	409897660	348218175	681367449	796934203
827775952	806398833	726237346	880310460	369145863
775718479	415590000	526111583	864273261	238723418
719319017	459257392	982164247	477245029	778966486
183820808	185502869	106705266	278401794	697089898
515591768	449565226	400137138	952535751	226817731
289324068	595810433	715817692	706650464	916999897
899207795	924371620	450093830	590666616	524084740
625594741	763956135	868322212	875849407	238420289
760401722	213301411	351781679	668999052	951923397
539879404	586650812	465075325	144440552	919335071
176012255	606038874	296409348	112983906	494625507
662736915	751305373	967710363	575770308	611727058
243998625	565111675	842129145	732755081	316236282
464274778	478571723	660893254	293789125	66714254
556393337	713471054	732760670	367688508	761969680
366630714	790030899	443407700	413828392	560819852
649271530	656875951	250817838	260734173	62924702
659934156	395913807	626705933	822353939	343004729
653957333	564485535	482314606	609477761	320417932
290072400	408557831	487334929	243055894	431437233
347371771	170215947	748321864	924944082	904217013
666238268	878771236	872210154	554719915	94474583
311157263	297662001	643246128	733494798	767349110
391657978	192555730	920389296	426563783	810718841
711362916	347676000	22898959	668213245	379382444
533676755	985139733	890705965	393391549	823339534
67648266	961697185	654622098	872769993	871866009
438123541	666393594	430016351	590221466	224432942
520060985	40041224	611365531	610930743	334643850
91779717	386542631	391999471	653691858	724431097
952932917	88149831	675395014	472465546	110474184
363218529	599787106	65606904	244191183	354724855
111013297	906308020	399755622	437158234	867385653
783544950	159095823	163301854	388206039	340858222
764183306	960135125	958161439	163843500	657792194
370429190	411277410	943840406	976236681	134652143
152327563	621613360	69106681	837154407	43315307
287351087	851353920	450917761	719347020	534611643
619935476	451150401	431832909	685540570	678228058
883538283	368525981	962600719	565497860	402289057
590163667	744815665	32930909	639547716	601293174
80634480	806871890	208136322	224767256	129414251
192176033	773560925	825719483	83402753	277561417
366110243	306342143	117485619	676369878	149748871
246139931	58169408	799221874	482832337	60586301
697051414	448047208	897053696	163573830	462872257
753174379	506941267	228950340	862885440	254636096
727087506	162263666	508012969	961105614	159679183
789874939	700046726	180350270	578117203	37499470
130839198	112328109	649027484	822235548	406659041
287154458	528234860	396333158	481569851	565954320
412460286	456568218	738387478	787940508	40548765
137996581	424053990	724819957	863533240	534102220
23212456	798395902	801434884	861433407	686450602
788562999	961643136	455633034	220101625	932745312
903944340	711994353	25862068	690206593	19897825
873431146	122805919	601492631	293580034	246548777
17219408	506194791	787875732	496009058	941564516
318269995	989128194	802353022	465737497	44915277
99966134	826021014	425904955	345849812	752428204
580889827	177631686	344361117	213156390	594224347
756965236	352143079	859664888	398005237	795188829
686257159	61344658	507861662	474250948	742928843
13303698	614228343	892793585	76167589	888079949
336823557	469764659	746048763	503995424	735861773
635435363	723666231	256335814	1766796	760192525
274658377	886801085	668564792	730729823	42284724